	12.465
	8.293
	8.075
	7.84
	4.31
	3.66
	8.476
	6.511
	4.798
	3.984
	5.002
	4.227
	5.82
	4.506
	2.276
	3.309
	11.657
	5.499
	4.806
	2.569
	3.193
	7.748
	7.811
	2.783
	2.683
	6.852
	5.707
	5.345
	2.673
	4.046
	4.086
	3.804
	3.692
	9.102
	11.163
	5.035
	4.854
	4.359
	3.903
	11.825
	6.034
	5.189
	3.567
	9.27
	5.503
	3.982
	3.887
	4.758
	3.745
	7.112
	6.006
	9.082
	7.233
	3.406
	3.883
	8.886
	4.788
	4.249
	3.318
	13.191
	10.701
	8.244
	7.43
	2.839
	2.961
	8.953
	5.9
	9.17
	4.292
	4.033
	16.222
	13.575
	7.816
	8.7
	7.128
	5.085
	9.926
	6.912
	2.761
	2.906
	3.89
	2.638
	3.804
	3.77
	4.41
	4.778
	3.349
	3.384
	2.927
	3.128
	4.805
	5.351
	8.588
	5.856
	2.694
	3.879
	2.008
	2.772
	4.762
	4.997
	4.558
	3.443
	7.072
	5.071
	3.78
	3.508
	9.003
	7.585
	11.413
	6.961
	4.997
	7.329
	7.021
	6.973
	8.377
	6.106
	7.338
	5.417
	3.337
	4.004
	7.588
	4.154
	3.409
	3.409
	3.506
	1.911
	8.669
	9.012
	2.768
	2.076
	3.189
	2.161
	2.033
	2.852
	1.502
	3.976
	2.114
	2.981
	1.282
	2.936
	2.108
	4.928
	4.121
	8.884
	5.309
	5.175
	2.643
	3.21
	1.749
	1.879
	8.108
	8.463
	11.501
	6.989
	6.228
	7.658
	8.54
	4.939
	4.956
	3.989
	2.136
	2.981
	4.055
	3.626
	3.632
	2.723
	2.785
	3.06
	2.466
	1.981
	3.113
	2.397
	3.226
	2.464
	3.563
	3.283
	2.922
	3.719
	9.746
	6.767
	10.694
	7.175
	4.23
	3.552
	3.821
	2.619
	6.997
	5.639
	5.326
	4.531
	6.988
	4.669
	7.988
	3.898
	6.178
	7.829
	2.891
	2.298
	2.628
	2.328
	4.722
	3.614
	4.431
	2.598
	5.233
	4.365
	2.666
	2.255
	16.198
	13.305
	8.42
	7.985
	2.245
	2.828
	9.976
	6.896
	5.18
	5.561
	6.821
	5.611
	3.953
	3.468
	2.932
	2.999
	3.164
	2.994
	4.562
	4.418
	4.078
	3.764
	2.138
	3.179
	2.251
	2.896
	2.215
	3.079
	2.337
	3.943
	2.92
	10.392
	7.845
	5.591
	3.636
	3.943
	3.166
	2.322
	2.609
	2.221
	2.923
	2.804
	2.376
	3.106
	2.529
	2.487
	2.134
	3.385
	2.661
	3.397
	3.718
	1.662
	1.783
	1.597
	2.42
	5.379
	3.457
	2.014
	1.572
	3.15
	3.554
	4.949
	3.806
	2.043
	2.738
	2.949
	2.725
	3.062
	3.044
	6.188
	4.4
	4.298
	4.225
	3.562
	2.764
	2.657
	2.601
	2.401
	2.026
	2.889
	3.134
	2.459
	2.274
	9.813
	11.108
	6.903
	4.902
	3.465
	3.477
	3.154
	3.822
	5.724
	4.013
	3.045
	2.297
	4.357
	3.71
	3.063
	2.548
	4.842
	4.128
	3.381
	3.738
	3.514
	3.86
	4.637
	4.602
	4.369
	3.34
	3.325
	2.447
	2.748
	2.031
	2.905
	1.926
	6.082
	3.745
	3.251
	3.71
	3.789
	3.908
	3.951
	2.996
	6.996
	5.562
	1.857
	2.917
	3.127
	2.421
	4.842
	3.698
	11.409
	6.247
	5.435
	4.872
	7.89
	8.346
	8.435
	6.713
	12.357
	9.649
	8.469
	6.168
	3.816
	3.869
	4.057
	3.737
	3.646
	2.936
	5.162
	3.627
	3.366
	2.706
	8.286
	8.534
	7.864
	8.525
	6.468
	7.036
	9.361
	6.063
	10.708
	9.122
	4.734
	4.788
	3.919
	3.385
	5.02
	4.191
	2.655
	1.802
	8.964
	4.731
	4.616
	3.291
	4.734
	3.265
	13.313
	10.286
	9.493
	5.984
	4.011
	3.206
	3.185
	2.936
	9.404
	4.558
	8.149
	5.592
	4.639
	3.291
	5.016
	4.369
	4.227
	3.728
	5.496
	4.235
	6.586
	5.819
	6.655
	4.497
